WRITE POS: 0 WRITE END: 99
0 97 -84 -19 0 5 115 114 0 8 83 107 105 112 78 111 100 101 104 -104 -115 -117 -20 -120 -91 -80 2 0 3 73 0 5 100 101 112 116 104 73 0 7 101 108 101 109 101 110 116 91 0 7 
Wrote 50/99 bytes

WRITE POS: 50 WRITE END: 99
102 111 114 119 97 114 100 116 0 2 91 73 120 112 0 0 0 1 -1 -1 -1 -1 117 114 0 2 91 73 77 -70 96 38 118 -22 -78 -91 2 0 0 120 112 0 0 0 1 -1 -1 -1 -1 
Wrote 49/99 bytes

WRITE POS: 99 WRITE END: 290
0 
Wrote 1/191 bytes

WRITE POS: 100 WRITE END: 290
-67 -84 -19 0 5 115 114 0 6 75 86 80 97 105 114 -55 86 -116 -56 10 -113 54 38 2 0 2 76 0 6 116 104 101 75 101 121 116 0 22 76 106 97 118 97 47 108 97 110 103 47 67 
Wrote 50/191 bytes

WRITE POS: 151 WRITE END: 290
109 112 97 114 97 98 108 101 59 76 0 6 116 104 101 86 97 108 116 0 18 76 106 97 118 97 47 108 97 110 103 47 79 98 106 101 99 116 59 120 112 116 0 4 116 101 115 116 115 114 
Wrote 50/191 bytes

WRITE POS: 253 WRITE END: 290
97 47 108 97 110 103 47 83 116 114 105 110 103 59 120 112 0 0 0 8 0 0 0 4 0 0 0 1 0 0 0 0 113 0 126 0 4 
Wrote 37/191 bytes

WRITE POS: 290 WRITE END: 389
0 97 -84 -19 0 5 115 114 0 8 
Wrote 10/99 bytes

WRITE POS: 300 WRITE END: 389
83 107 105 112 78 111 100 101 104 -104 -115 -117 -20 -120 -91 -80 2 0 3 73 0 5 100 101 112 116 104 73 0 7 101 108 101 109 101 110 116 91 0 7 102 111 114 119 97 114 100 116 0 2 
Wrote 50/99 bytes

WRITE POS: 360 WRITE END: 389
0 99 117 114 0 2 91 73 77 -70 96 38 118 -22 -78 -91 2 0 0 120 112 0 0 0 1 -1 -1 -1 -1 
Wrote 29/99 bytes

WRITE POS: 292 WRITE END: 389
-84 -19 0 5 115 114 0 8 
Wrote 8/97 bytes

WRITE POS: 300 WRITE END: 389
83 107 105 112 78 111 100 101 104 -104 -115 -117 -20 -120 -91 -80 2 0 3 73 0 5 100 101 112 116 104 73 0 7 101 108 101 109 101 110 116 91 0 7 102 111 114 119 97 114 100 116 0 2 
Wrote 50/97 bytes

WRITE POS: 358 WRITE END: 389
0 0 0 99 117 114 0 2 91 73 77 -70 96 38 118 -22 -78 -91 2 0 0 120 112 0 0 0 1 -1 -1 -1 -1 
Wrote 31/97 bytes

WRITE POS: 2 WRITE END: 99
-84 -19 0 5 115 114 0 8 83 107 105 112 78 111 100 101 104 -104 -115 -117 -20 -120 -91 -80 2 0 3 73 0 5 100 101 112 116 104 73 0 7 101 108 101 109 101 110 116 91 0 7 
Wrote 48/97 bytes

WRITE POS: 50 WRITE END: 99
102 111 114 119 97 114 100 116 0 2 91 73 120 112 0 0 0 1 -1 -1 -1 -1 117 114 0 2 91 73 77 -70 96 38 118 -22 -78 -91 2 0 0 120 112 0 0 0 1 0 0 1 34 
Wrote 49/97 bytes

